1088046
1088047
1089001
1089002
1089003
1089004
1089005
1089006
1089007
1089008
1089009
1089010
1089011
1089012
1089013
1089014
1089015
1089016
1089028
1089028
1089030
1089031
1089032
1089033
1089034
1089035
1089036
1089037
1089038
1089039
1089040
1089041
1089042
1089043
1089044
1089045
1089046
1089047
1089048
1089049
1089050
1089051
1089052
1089053
1089054
1089055
1089056
1089057
1089058
1089059
1089060
1089061
1089062
1089063
1089064
1089065
1089066
1089067
1089068
1089069
1089071
1089073
1089074
1090001
1090002
1090003
1090005
1090008
1090009
1090010
1090011
